mean	sigma	
2.93414	0.920084	
2.92872	0.928138	
2.95604	0.930482	
2.9926	0.929992	
3.00903	0.943632	
3.00564	0.939019	
3.01948	0.963577	
3.04264	0.977568	
3.05981	0.990857	
3.09924	0.989572	
3.12759	0.994341	
3.08075	0.989155	
3.13557	1.00256	
3.112	1.02078	
3.23219	1.05284	
3.26538	1.06101	
3.18506	1.06489	
3.27126	1.06464	
3.24728	1.0859	
3.18518	1.06767	
3.28902	1.13134	
3.24542	1.14683	
3.2049	1.12611	
3.20545	1.14133	
3.32199	1.18795	
3.23347	1.17392	
3.1128	1.15063	
3.08588	1.18854	
3.06049	1.19525	
3.22278	1.20125	
3.25111	1.19947	
3.32592	1.26351	
3.24592	1.25722	
3.25011	1.25488	
3.14304	1.26753	
3.25646	1.26098	
3.27005	1.27023	
3.1092	1.29478	
3.11532	1.28089	
3.18229	1.23173	
3.25221	1.25801	
3.08702	1.19341	
3.18174	1.22804	
3.2298	1.27911	
3.24865	1.33928	
3.16729	1.28686	
2.95719	1.24529	
3.04724	1.28177	
3.02906	1.32719	
3.00755	1.48261	
2.97066	1.48159	
3.10695	1.42909	
3.18112	1.49304	
3.06041	1.43944	
2.84355	1.39271	
2.84073	1.47236	
2.87544	1.54542	
2.93717	1.5872	
2.93396	1.5427	
2.92949	1.46967	
2.96036	1.53115	
3.12884	1.56923	
2.92925	1.59147	
3.0528	1.62171	
3.16428	1.58759	
2.87373	1.55086	
3.05376	1.66817	
2.98388	1.58564	
2.9157	1.58001	
2.90684	1.46143	
3.01151	1.33634	
3.04353	1.52575	
2.87252	1.40796	
2.95238	1.51558	
2.83505	1.33696	
3.11929	1.54443	
2.95929	1.49362	
2.93873	1.57347	
3.06918	1.55485	
3.13334	1.55612	
3.32145	1.59959	
3.37444	1.54594	
3.38874	1.48956	
3.16264	1.5038	
3.03368	1.39595	
3.03761	1.55954	
2.76731	1.50214	
2.82208	1.33936	
2.75054	1.3671	
2.86865	1.44149	
2.71562	1.34983	
2.77178	1.28205	
2.68274	1.35568	
2.83006	1.55936	
3.20243	1.5998	
3.04782	1.56931	
3.22912	1.51874	
3.15377	1.47523	
3.10219	1.3631	
2.99034	1.34501	
2.94709	1.38075	
3.13978	1.39182	
3.04387	1.34465	
2.91004	1.35902	
3.12947	1.369	
2.95908	1.28233	
2.9041	1.36454	
3.21531	1.45172	
3.27325	1.41281	
3.11686	1.40397	
3.00492	1.33253	
2.93633	1.3446	
2.93882	1.50587	
2.98631	1.53715	
2.96326	1.55633	
3.21304	1.64906	
3.17535	1.54959	
3.14776	1.54261	
3.26521	1.46459	
3.38343	1.48769	
3.27922	1.46911	
2.88148	1.31501	
3.01164	1.46009	
2.99825	1.37848	
3.41692	1.56919	
3.29599	1.43953	
3.09961	1.52684	
3.18138	1.65111	
3.198	1.58954	
3.07277	1.43557	
2.96769	1.38619	
3.20102	1.49708	
3.11832	1.58196	
3.14922	1.50961	
3.19127	1.45282	
3.13413	1.51955	
2.83237	1.47221	
3.08799	1.38739	
3.13474	1.3469	
3.14946	1.30885	
3.22675	1.34966	
3.38842	1.49758	
3.25912	1.54329	
2.99343	1.39226	
2.89211	1.48761	
2.94594	1.306	
2.91254	1.32198	
3.21782	1.27145	
2.86171	1.33131	
2.89123	1.48642	
3.09615	1.39617	
3.04293	1.6358	
3.0991	1.53462	
3.0737	1.59845	
2.91006	1.46444	
3.04077	1.51518	
3.22457	1.59696	
3.06965	1.41138	
3.09878	1.42031	
3.08747	1.45842	
3.32708	1.4028	
3.15586	1.28508	
3.29118	1.31535	
3.33151	1.43517	
2.95807	1.44738	
2.76886	1.34354	
3.09891	1.59562	
3.06882	1.58746	
3.27633	1.39023	
3.33752	1.45214	
3.29452	1.37408	
3.33102	1.44298	
3.13577	1.6097	
3.14094	1.56878	
2.97432	1.85414	
2.81874	1.79448	
2.96688	1.5579	
3.04781	1.5385	
3.18015	1.50804	
3.05558	1.53201	
3.02216	1.64563	
2.85127	1.47839	
3.02882	1.56748	
2.93394	1.41158	
3.0742	1.26941	
2.97077	1.51757	
3.056	1.49775	
2.9564	1.58211	
2.80694	1.39492	
2.89004	1.32861	
2.84259	1.23887	
3.18837	1.26191	
3.16068	1.67734	
2.8359	1.36642	
3.26057	1.28167	
3.0837	1.39978	
3.11863	1.32121	
3.1169	1.43894	
3.02645	1.50479	
2.75789	1.41644	
3.03361	1.51842	
3.06656	1.79405	
2.69023	1.41581	
2.91257	1.23353	
2.93094	1.59332	
3.19565	1.59403	
3.04266	1.53271	
3.087	1.3512	
3.28396	1.49951	
3.19542	1.43308	
2.99447	1.59493	
3.18235	1.70652	
2.82133	1.72302	
2.87743	1.50373	
3.1012	1.40034	
3.08737	1.29722	
3.06155	1.50925	
2.88866	1.41911	
2.83273	1.44121	
3.13229	1.47046	
2.77924	1.36013	
2.75285	1.55386	
3.00214	1.51192	
3.00218	1.4771	
3.09611	1.44638	
2.85802	1.67383	
2.96506	1.73923	
3.12453	1.41004	
3.10617	1.42814	
3.19347	1.25709	
2.94056	1.48087	
3.11945	1.5145	
3.20837	1.43651	
3.15482	1.37972	
3.01595	1.50811	
3.00679	1.53364	
2.91152	1.44321	
3.07864	1.27633	
3.02093	1.29647	
2.90774	1.37721	
2.93322	1.66647	
3.11306	1.78563	
3.00742	1.76314	
2.90772	1.64312	
2.80605	1.55746	
2.91604	1.64661	
2.81565	1.67308	
3.21108	1.64904	
3.01648	1.56194	
3.01157	1.47568	
3.0721	1.56016	
3.17674	1.51152	
3.33892	1.53316	
3.26538	1.67059	
3.15946	1.33355	
2.94526	1.35449	
2.84929	1.48102	
3.03417	1.6588	
3.29218	1.44952	
3.06446	1.63417	
3.32652	1.47042	
3.11193	1.60291	
3.02566	1.32949	
3.21521	1.30059	
2.89132	1.21992	
3.1237	1.31986	
3.32161	1.41711	
2.96945	1.25422	
3.18566	1.28239	
3.1559	1.4731	
3.09259	1.51761	
3.13459	1.52161	
2.9151	1.47829	
3.13443	1.49393	
2.99907	1.59183	
3.00373	1.44871	
3.03424	1.31269	
2.81745	1.31179	
2.89465	1.52577	
3.14179	1.46756	
3.21944	1.44582	
3.15912	1.48486	
3.00956	1.52582	
3.20781	1.39797	
3.09812	1.33779	
3.02081	1.34347	
3.06948	1.6079	
3.15556	1.54259	
2.95809	1.30934	
2.92228	1.2425	
2.80052	1.32402	
2.90169	1.546	
3.1332	1.59358	
3.21632	1.51247	
2.85505	1.42095	
2.92633	1.58339	
3.23946	1.60884	
3.19772	1.73992	
3.05267	1.45095	
2.97156	1.39351	
3.08306	1.3581	
3.09878	1.30125	
3.06563	1.44291	
2.99443	1.48952	
3.15653	1.43597	
3.06055	1.58873	
2.86567	1.43923	
3.24173	1.38797	
3.11993	1.38762	
2.86224	1.39449	
3.02601	1.58643	
3.16998	1.68743	
2.92654	1.5976	
2.99174	1.50964	
3.04179	1.388	
3.08278	1.4538	
3.08975	1.61673	
3.07584	1.32669	
2.91343	1.48934	
2.99081	1.45929	
3.26995	1.51669	
2.97399	1.42444	
3.0215	1.55	
3.09527	1.34345	
3.29337	1.36282	
3.065	1.47658	
3.13263	1.48005	
3.05192	1.45538	
3.17701	1.46697	
3.24112	1.56975	
3.20508	1.64831	
2.95142	1.53942	
3.18463	1.50975	
3.29274	1.4351	
2.86256	1.32572	
3.06658	1.28437	
2.87648	1.53365	
3.04323	1.36512	
2.98248	1.38354	
3.07823	1.37659	
3.13296	1.43704	
3.11982	1.53023	
3.15232	1.53912	
3.04013	1.37541	
3.09103	1.44107	
3.0784	1.54385	
2.71144	1.37992	
3.2536	1.35922	
2.96932	1.28663	
3.16002	1.3511	
2.88701	1.57562	
3.07472	1.42678	
3.01287	1.52903	
2.97162	1.51439	
3.02583	1.77668	
2.75448	1.74164	
3.25342	1.43542	
3.02597	1.48661	
3.27939	1.49464	
3.11328	1.3522	
2.89788	1.35868	
3.20685	1.38653	
2.97175	1.32924	
3.1164	1.55561	
3.27735	1.23138	
3.37214	1.29378	
3.43377	1.40946	
2.80963	1.27445	
3.12939	1.42117	
2.93289	1.43114	
3.07052	1.47938	
2.9577	1.47225	
2.99272	1.46106	
3.18075	1.45949	
3.03401	1.4628	
3.05713	1.48734	
3.3272	1.50021	
3.02228	1.428	
2.97588	1.50067	
3.01653	1.56757	
2.85623	1.49419	
2.89291	1.33655	
2.77616	1.44719	
2.98145	1.41958	
3.14672	1.54449	
3.29988	1.29932	
3.29009	1.49615	
2.87925	1.31112	
2.898	1.45697	
2.81839	1.4002	
3.02699	1.44706	
3.00638	1.28561	
3.00424	1.51423	
3.06522	1.6563	
3.15714	1.36149	
3.39346	1.45649	
3.21454	1.52251	
3.13452	1.48308	
3.22216	1.4718	
3.16276	1.38754	
3.02362	1.37197	
3.06428	1.34541	
3.05943	1.58665	
3.29137	1.59352	
3.09373	1.39406	
3.08375	1.43857	
2.97426	1.48521	
3.30425	1.3534	
2.74833	1.57311	
3.24527	1.51015	
2.87425	1.48686	
3.02292	1.35091	
2.93218	1.46868	
2.77965	1.5499	
3.23818	1.35217	
3.07407	1.42896	
3.11549	1.56897	
2.95718	1.5543	
3.0096	1.52229	
3.23272	1.40012	
3.14439	1.3249	
3.15637	1.40122	
2.96887	1.39474	
3.20908	1.33013	
2.96092	1.38506	
3.19994	1.43962	
3.09575	1.50289	
3.21399	1.59383	
3.00132	1.62777	
2.88691	1.52446	
2.92027	1.72483	
2.75466	1.49179	
3.31233	1.71644	
3.19459	1.70206	
3.13293	1.69042	
3.01077	1.4356	
3.10762	1.54192	
2.86032	1.49314	
3.27063	1.48571	
3.05079	1.44557	
3.14165	1.43395	
3.09661	1.42804	
3.13477	1.40123	
3.19094	1.28532	
3.45747	1.28817	
3.47882	1.48549	
3.41474	1.43091	
3.2889	1.56361	
3.0126	1.44577	
2.90817	1.47365	
3.21167	1.51095	
3.04308	1.41151	
2.86258	1.38859	
3.01451	1.67508	
2.86814	1.41721	
3.00533	1.53943	
2.71538	1.4505	
2.77331	1.73891	
2.95943	1.60148	
3.06177	1.27829	
3.36758	1.40661	
3.31819	1.3875	
3.08586	1.52888	
2.86179	1.54681	
3.09301	1.75513	
2.9955	1.33612	
3.01273	1.49074	
2.90912	1.55224	
2.82844	1.4775	
3.18436	1.4013	
3.10646	1.35194	
2.90592	1.42396	
2.96637	1.44482	
2.96149	1.5522	
3.03845	1.67787	
2.61887	1.59965	
3.40232	1.40953	
3.13387	1.36826	
2.95564	1.39198	
2.98592	1.34447	
3.07459	1.47235	
2.86598	1.60439	
3.19908	1.60718	
3.23499	1.49619	
3.11722	1.65711	
3.14853	1.31201	
3.10767	1.31939	
3.24538	1.48015	
3.11525	1.55356	
2.98949	1.58661	
3.12439	1.42572	
2.9324	1.43919	
2.9896	1.48363	
2.88057	1.43944	
3.04176	1.59547	
2.94809	1.48858	
2.92002	1.54423	
3.06703	1.37853	
3.15858	1.44002	
2.988	1.44578	
3.05347	1.31127	
3.04547	1.3841	
3.08659	1.36047	
3.10682	1.45332	
2.93489	1.42015	
2.98905	1.32203	
3.22584	1.29187	
3.10514	1.54391	
2.8316	1.39674	
2.91817	1.45637	
3.19064	1.53548	
3.10382	1.54635	
3.15803	1.55241	
2.91517	1.45473	
2.99388	1.39738	
3.03714	1.76223	
3.05752	1.58561	
2.98713	1.61731	
3.04952	1.61841	
3.34885	1.41571	
3.37819	1.43551	
3.52551	1.44196	
3.3288	1.46351	
3.30612	1.40304	
3.01924	1.33583	
2.88936	1.41957	
3.05744	1.32143	
2.97389	1.33118	
2.88469	1.6012	
2.83134	1.48663	
3.05486	1.42138	
3.04838	1.49938	
2.93908	1.30831	
2.97994	1.6166	
2.98685	1.55283	
3.06274	1.50562	
3.20986	1.28156	
2.83527	1.62491	
3.19019	1.47433	
3.03965	1.50217	
3.13038	1.35398	
3.10873	1.34896	
3.01001	1.31186	
2.79962	1.4806	
3.09496	1.50271	
3.26775	1.43684	
3.18634	1.42627	
2.93873	1.45583	
3.0724	1.33372	
3.16966	1.54694	
2.90793	1.57074	
3.10065	1.49124	
3.16191	1.46215	
3.08998	1.51519	
3.0021	1.52834	
3.25666	1.39391	
3.05354	1.5336	
2.93302	1.42909	
2.99056	1.55003	
2.84352	1.53711	
2.73713	1.57763	
3.43322	1.39629	
3.17708	1.5164	
3.3179	1.70897	
3.15762	1.50109	
3.10432	1.50709	
2.98947	1.49521	
3.14927	1.65017	
3.08966	1.40537	
3.06985	1.72203	
3.37691	1.61246	
3.00975	1.58982	
3.28153	1.35852	
3.26011	1.38862	
3.02654	1.57931	
3.00504	1.46501	
2.99965	1.42038	
3.06939	1.55784	
3.0635	1.6098	
3.06247	1.31889	
3.00849	1.3196	
2.82281	1.3829	
3.26091	1.41181	
3.21873	1.30686	
3.40283	1.48589	
3.16201	1.28768	
3.01928	1.28363	
2.83215	1.60284	
2.89351	1.63368	
2.75624	1.62721	
2.7419	1.50645	
3.31125	1.48205	
2.91732	1.31481	
2.8371	1.56989	
3.25385	1.46202	
3.23167	1.50468	
3.13098	1.43192	
3.04388	1.49114	
3.13833	1.39441	
3.06424	1.41811	
3.01452	1.62361	
2.92786	1.45943	
3.04564	1.51048	
3.15203	1.34032	
2.99778	1.47477	
3.00278	1.41529	
2.69943	1.4215	
2.8269	1.59319	
3.16683	1.72205	
2.90329	1.32707	
3.00309	1.4246	
3.22337	1.52241	
3.40511	1.50675	
3.42693	1.59704	
3.21113	1.59312	
2.78197	1.57121	
3.13869	1.60924	
2.97945	1.41501	
3.29716	1.50881	
3.05285	1.45399	
2.93333	1.68553	
2.78599	1.37744	
3.03634	1.30799	
2.93628	1.2962	
2.73862	1.45939	
3.23803	1.49453	
3.11762	1.35691	
3.03175	1.47086	
2.94009	1.48629	
3.12813	1.54255	
2.91089	1.45845	
3.09453	1.4308	
2.86531	1.67825	
2.88655	1.77768	
2.68456	1.38987	
2.92613	1.43148	
3.17412	1.39936	
3.32205	1.408	
2.95214	1.4758	
2.95991	1.47757	
3.0926	1.25402	
3.08598	1.26913	
2.8224	1.33853	
2.80377	1.59978	
3.01968	1.47558	
3.18113	1.58921	
2.81048	1.42775	
2.99109	1.55297	
3.21199	1.54294	
3.18146	1.38858	
2.97214	1.38052	
3.02216	1.57766	
3.099	1.35317	
2.81771	1.48409	
3.12955	1.3946	
3.11208	1.36469	
2.86342	1.34644	
2.90326	1.35143	
3.00095	1.54498	
3.20746	1.51014	
2.82572	1.44898	
2.96962	1.35122	
2.67138	1.44395	
2.90123	1.55514	
3.21196	1.36242	
2.99967	1.43642	
3.31683	1.47022	
3.15404	1.68672	
3.07627	1.68808	
3.18507	1.44712	
2.88693	1.59902	
3.03449	1.32135	
3.19627	1.3437	
3.09339	1.29664	
3.0156	1.48962	
3.23868	1.46361	
3.04232	1.52297	
2.90571	1.50486	
2.98727	1.40283	
3.15714	1.35003	
3.22755	1.45572	
3.18398	1.18611	
3.36026	1.32275	
3.0764	1.52587	
3.39301	1.39208	
3.18952	1.4976	
2.90293	1.43397	
3.18093	1.374	
2.89571	1.31899	
3.27008	1.42075	
2.9411	1.49172	
3.05452	1.5453	
3.06988	1.41096	
2.95816	1.49158	
2.89161	1.67753	
2.86149	1.50936	
2.91738	1.44886	
2.991	1.53168	
2.89115	1.41138	
3.06045	1.36612	
2.99182	1.35657	
3.01764	1.39098	
2.96976	1.50363	
3.05112	1.35385	
2.96196	1.41613	
2.70786	1.42881	
2.9557	1.40864	
2.8488	1.44061	
3.07548	1.32544	
2.9885	1.44752	
3.02836	1.43909	
3.03901	1.37296	
2.82297	1.52011	
3.26989	1.67332	
3.27967	1.45073	
3.00885	1.24333	
3.14611	1.16301	
2.80154	1.26911	
2.98042	1.48702	
3.18742	1.46847	
3.00356	1.37003	
2.89872	1.37761	
2.88757	1.42073	
3.13603	1.52748	
2.81002	1.49522	
3.07583	1.55307	
3.35216	1.40204	
3.21189	1.58666	
3.16037	1.5592	
3.02376	1.62059	
2.89549	1.60625	
2.74397	1.38632	
2.70474	1.38702	
2.99717	1.20774	
3.16818	1.49361	
2.88868	1.46338	
2.97321	1.3418	
2.80242	1.57402	
3.35515	1.71462	
2.8009	1.4716	
3.051	1.31795	
3.04523	1.3203	
2.81639	1.49352	
3.21568	1.50099	
3.39031	1.52866	
2.94449	1.50046	
3.04681	1.3727	
3.082	1.40666	
3.10572	1.36659	
3.22416	1.36066	
3.04134	1.70715	
3.21805	1.80623	
2.99422	1.82892	
2.96301	1.60346	
2.97464	1.27064	
2.98332	1.41394	
2.9077	1.48145	
2.87215	1.48258	
2.93655	1.36165	
3.00675	1.47186	
2.81003	1.40982	
3.01371	1.35677	
2.78627	1.48254	
2.74393	1.46395	
2.99746	1.62267	
2.88748	1.66252	
2.71685	1.53962	
3.16842	1.44724	
3.07393	1.49514	
3.07556	1.38135	
2.94229	1.3247	
2.86092	1.29387	
3.0417	1.49427	
3.1209	1.4092	
3.09825	1.41112	
2.9006	1.41764	
2.87601	1.47286	
2.81998	1.35474	
2.95193	1.46451	
2.77766	1.48646	
2.90423	1.50943	
3.18269	1.56194	
2.9549	1.59723	
2.92942	1.31907	
2.9611	1.32419	
2.86344	1.59906	
2.81787	1.55943	
3.08056	1.45583	
3.1313	1.46389	
3.00861	1.41249	
2.97429	1.42707	
3.02723	1.76014	
2.98889	1.45806	
2.95059	1.51515	
3.13125	1.52328	
3.24616	1.51644	
2.80884	1.50198	
3.11045	1.54527	
3.0133	1.39764	
3.30407	1.47306	
3.25737	1.17822	
3.23947	1.17109	
3.19921	1.48981	
3.08608	1.50257	
3.15131	1.3092	
2.86531	1.40176	
3.08544	1.58339	
3.07637	1.33098	
3.10363	1.33597	
2.9328	1.34743	
3.07197	1.27109	
3.13986	1.44439	
3.17028	1.38835	
3.23445	1.5792	
3.341	1.4104	
2.84603	1.55492	
2.97681	1.52367	
3.12223	1.33037	
3.1958	1.62356	
3.30058	1.62231	
3.11594	1.45378	
3.12112	1.34996	
3.22251	1.16849	
3.19936	1.33198	
2.8407	1.39161	
3.08528	1.60977	
3.22454	1.45922	
3.00254	1.36826	
3.27103	1.38044	
3.14654	1.38365	
3.2401	1.39188	
3.38354	1.42078	
2.85261	1.47809	
2.76864	1.42315	
2.86192	1.23989	
3.09208	1.60689	
2.87059	1.45663	
2.99382	1.68026	
3.1048	1.43727	
2.89291	1.48665	
3.14146	1.37753	
3.00583	1.55244	
2.91982	1.4082	
2.91927	1.27089	
3.32082	1.6846	
2.96557	1.57854	
3.28519	1.66395	
3.02487	1.65817	
2.84217	1.6153	
2.98225	1.26101	
3.0573	1.41823	
3.22828	1.56784	
3.13962	1.62149	
3.00929	1.63636	
3.23013	1.581	
3.11833	1.61868	
3.11477	1.48035	
3.02951	1.39391	
3.05774	1.43216	
2.78219	1.53627	
2.90346	1.33895	
2.81785	1.40608	
2.86185	1.44241	
3.07079	1.27889	
3.05789	1.42557	
3.09356	1.3153	
3.08374	1.3109	
3.09563	1.34262	
3.04979	1.25519	
2.9813	1.24789	
3.28944	1.47753	
3.0799	1.50332	
3.09923	1.57393	
3.08182	1.57192	
2.97015	1.51197	
3.14688	1.40975	
3.01644	1.3753	
2.82871	1.42561	
3.22288	1.53021	
3.29868	1.39878	
3.22603	1.27428	
3.28283	1.51373	
2.92413	1.28458	
3.02466	1.65064	
3.00651	1.5208	
2.81871	1.32029	
2.85068	1.42237	
2.98937	1.43957	
2.71139	1.5284	
2.93838	1.23526	
2.85802	1.36821	
3.19199	1.33693	
3.01189	1.4666	
2.95467	1.54797	
2.90726	1.51157	
3.18524	1.83874	
3.10285	1.84741	
3.26589	1.78416	
2.92668	1.67166	
2.9761	1.44903	
3.10612	1.39928	
2.8523	1.59045	
3.23421	1.36629	
2.99382	1.65298	
3.14912	1.32777	
3.13004	1.26808	
2.70527	1.20825	
2.88354	1.28066	
2.85653	1.38419	
2.96252	1.36836	
3.25713	1.36047	
3.2057	1.36034	
3.08509	1.43783	
2.91136	1.3769	
2.95333	1.45577	
2.58683	1.54222	
2.96326	1.80793	
2.90269	1.78727	
3.23502	1.65825	
3.25176	1.70033	
2.75528	1.7082	
2.64444	1.40896	
2.64511	1.55426	
3.0372	1.65906	
2.89682	1.56169	
2.992	1.64263	
3.26846	1.35319	
3.13606	1.58311	
2.93714	1.41286	
3.02421	1.36575	
3.05254	1.30325	
3.07532	1.43294	
3.17049	1.65933	
2.77269	1.53991	
2.73756	1.46674	
2.6929	1.4225	
2.99327	1.28673	
3.01752	1.42349	
3.21354	1.2831	
2.73587	1.40273	
2.91185	1.57669	
3.02588	1.23292	
2.90472	1.38758	
2.69622	1.55533	
3.0011	1.26054	
3.02888	1.34105	
3.08339	1.46567	
3.04933	1.53233	
3.09172	1.60197	
3.08434	1.53481	
3.00713	1.33423	
3.16598	1.5249	
2.79474	1.49209	
3.13452	1.31382	
3.04896	1.38668	
2.85727	1.60052	
2.94645	1.44157	
3.20912	1.594	
3.34532	1.37889	
3.01413	1.47811	
3.26572	1.53611	
3.2846	1.38308	
2.87834	1.31476	
3.30562	1.45136	
2.85089	1.31628	
3.27216	1.35161	
3.1745	1.30628	
3.16711	1.3488	
2.89497	1.53185	
3.01643	1.40577	
2.73845	1.48867	
2.80358	1.61271	
2.95128	1.67024	
3.19089	1.80926	
3.38995	1.34379	
2.81774	1.36561	
3.12754	1.4105	
3.05397	1.45697	
2.94597	1.4969	
3.12525	1.59006	
2.88912	1.49209	
2.65208	1.42504	
2.7724	1.41886	
2.73435	1.82041	
2.83481	1.62726	
3.13136	1.58676	
3.01923	1.53158	
3.01737	1.34159	
2.86315	1.48213	
3.01079	1.39731	
3.1412	1.52781	
2.91667	1.29776	
2.78589	1.393	
2.78608	1.5337	
3.06606	1.40714	
3.16873	1.42861	
2.98144	1.68755	
3.34284	1.48941	
3.25584	1.60531	
2.81756	1.48007	
